1 4_5_28_38_46 -0.0528814082443166
1 9_45_55_59_62 0.024287202237672
1 11 0.150620221551092
1 16_25_49 0.151529468960163
1 20 0.0899959969166771
1 22_39_58 0.0132349031419602
1 24 0.0005693013831122
1 31 0.0129922818282458
1 7_32 0.0345446449622544
1 37 0.0064735423711341
1 47 0.110833703080814
1 82 0.0733483273062157
1 91 0.031523151613473
3_6_14_48 8_44 0.0674849984213887
3_6_14_48 10_27 0.0107672876282127
3_6_14_48 11 0.0203655858164081
3_6_14_48 18 0.0043360238565135
3_6_14_48 22_39_58 0.23139596046413
3_6_14_48 24 0.066301194600563
3_6_14_48 33 0.0473865220859289
3_6_14_48 35 0.181232584822724
3_6_14_48 29_36_52_63 0.0106342425597948
3_6_14_48 47 0.0225895994104091
3_6_14_48 56 0.0186972433423172
3_6_14_48 65 0.0514256491456687
3_6_14_48 77 0.0150936928360587
3_6_14_48 84 0.0372356067110061
4_5_28_38_46 11 0.0208582846702698
4_5_28_38_46 22_39_58 -0.0271357755127985
4_5_28_38_46 40 0.0773276663236553
4_5_28_38_46 53 0.207487613828145
4_5_28_38_46 61 0.197110522719163
4_5_28_38_46 64 0.286558390387078
4_5_28_38_46 71 -0.0077028657382158
4_5_28_38_46 23_69_73 -0.026616298209986
4_5_28_38_46 82 -0.001941499360665
8_44 10_27 0.0299389303373761
8_44 11 0.0388660846369749
8_44 21_26_51_60 0.217586483634726
8_44 33 0.087992398561047
8_44 34 0.0094751652605837
8_44 35 0.0147719680500582
8_44 29_36_52_63 0.0722344789393102
8_44 41 0.0484367507025968
8_44 47 0.0707652561542008
8_44 56 0.0461950485533121
8_44 64 0.0517882389245327
8_44 67 0.141009336182077
8_44 68_86 0.0071451223357692
8_44 77 0.0284670110990186
8_44 84 0.0100048567800358
8_44 85 0.0652287736729116
9_45_55_59_62 10_27 0.0632028538428733
9_45_55_59_62 11 0.0023426521228857
9_45_55_59_62 2_12_19 0.16681183490003
9_45_55_59_62 16_25_49 0.049400680713214
9_45_55_59_62 31 0.233007740264835
9_45_55_59_62 7_32 0.254709803527639
9_45_55_59_62 41 0.0898294181566825
9_45_55_59_62 47 0.05847524015085
9_45_55_59_62 53 0.103802419432653
9_45_55_59_62 64 0.0008258067779862
9_45_55_59_62 78 0.107380429120798
10_27 2_12_19 0.0157128212611884
10_27 16_25_49 0.0527373503384408
10_27 18 0.174222347470656
10_27 20 0.0692285209449127
10_27 21_26_51_60 0.0371649216510293
10_27 24 0.109435129599661
10_27 31 0.0214424712137111
10_27 37 0.0360168623514012
10_27 41 0.082002765528953
10_27 47 0.0261508033205316
10_27 50 0.0647566255258413
10_27 66 0.0655031168182282
10_27 84 0.141443759992429
10_27 88 0.0173961918446723
10_27 89 0.0614391992979341
10_27 91 0.0304891943601919
11 16_25_49 0.186901624478893
11 7_32 0.123227648688085
11 29_36_52_63 0.0483250472585966
11 40 0.0534420218573112
11 47 0.177880656818649
11 53 0.16753936474174
11 64 0.0614289064370433
11 68_86 0.122515601576495
11 72_81 0.156227961778053
11 74 0.0134144237286717
11 78 0.0771501228604303
11 82 0.0082227928340713
11 88 0.0438754618945242
2_12_19 16_25_49 0.0474435014399389
2_12_19 20 0.0402740067801286
2_12_19 31 0.0883330903211859
2_12_19 7_32 0.179378675078323
2_12_19 37 0.109610034323649
2_12_19 41 0.106601166221816
2_12_19 42 0.0667690291716643
2_12_19 47 0.0564538629949754
2_12_19 53 0.0255161195126859
13_43 17 0.0196926284295226
13_43 22_39_58 -0.104811905859203
13_43 35 0.0296657380221754
13_43 29_36_52_63 0.256497434616324
13_43 37 -0.0017717070034237
13_43 42 -0.0312601123361439
13_43 89 0.096757668953148
15_57 17 0.0481044947268228
15_57 30 0.0618373672922025
15_57 34 0.213693873241624
15_57 42 0.0099941564793816
15_57 54 0.0321916875874529
15_57 67 -0.0300010837807605
15_57 23_69_73 0.207151900999236
15_57 76 0.137343627248237
15_57 80 0.0622066948745253
15_57 89 0.0335923485090416
16_25_49 7_32 0.365547541237473
16_25_49 33 0.0204570902862348
16_25_49 47 0.0458328710806666
16_25_49 77 0.0191844252456071
16_25_49 78 0.0538158242654402
16_25_49 88 0.011290875778373
17 20 0.0099793047555004
17 22_39_58 -0.0371828820670373
17 30 0.193455996572132
17 50 0.013031770322254
17 54 0.221323913434908
17 65 0.0923621009089147
17 66 0.0161806876794108
17 67 0.0231381302320968
17 76 0.143860513221839
17 80 0.0529530497369058
17 89 0.109561226520888
17 90 0.0289361748485335
18 24 0.0932701218260998
18 33 0.0775236948491098
18 34 0.0772735225044721
18 50 0.0432437393609999
18 54 0.0604163507154248
18 56 0.205445890077932
18 65 0.0437166470491961
18 66 0.0155262014852468
18 67 0.0255572493722005
18 23_69_73 0.0496519034944891
18 80 0.0232887973957752
18 84 0.0877175353223035
18 87 0.016868666560168
18 88 0.0237883434603519
18 89 0.0836973346507804
18 90 0.109150621286348
18 91 0.0245342545084868
20 37 0.161037387827789
20 42 0.205011756046682
20 23_69_73 0.0156201547709328
20 76 0.0673731910822958
20 80 0.0070896290564737
20 85 0.0073091502778439
20 90 0.101530311626557
20 91 0.0560847079022627
21_26_51_60 33 0.172322208842414
21_26_51_60 34 0.185701026706518
21_26_51_60 35 0.0418524315408018
21_26_51_60 29_36_52_63 0.0091900860889644
21_26_51_60 40 0.0423771335745748
21_26_51_60 56 0.0732802833767669
21_26_51_60 74 0.0104980590908433
21_26_51_60 75 0.009311149242272
21_26_51_60 77 0.153292036885437
21_26_51_60 82 0.0292497738597037
21_26_51_60 84 0.0259754299273163
21_26_51_60 85 0.0865692768207104
21_26_51_60 91 0.083883187509118
22_39_58 54 -0.0365785887746247
22_39_58 61 -0.0662764880870085
22_39_58 68_86 -0.0091488190876126
22_39_58 71 0.0044372019791401
22_39_58 23_69_73 0.0478630350836051
22_39_58 75 -0.0084903991822351
22_39_58 78 -0.0126714809948291
22_39_58 70_79_83 -0.0051306460616652
24 31 0.0796645510512418
24 41 0.110692704964587
24 42 0.0205008612380133
24 50 0.075746946963108
24 53 0.0758944650518082
24 64 0.0168265972784855
24 74 0.0330325894260123
24 77 0.0281705617392842
24 80 0.0282605373282519
24 84 0.0425665349596542
24 89 0.12546188032324
24 91 0.0247782179767525
30 37 0.0034259979973755
30 50 0.0358161432586132
30 54 0.106689269499759
30 65 0.0424019009440774
30 72_81 -0.0085282381958875
30 23_69_73 0.139713954677667
30 77 -0.0077415004162411
30 87 0.0203998500955159
30 89 0.120789663197174
30 91 0.051683392148039
31 37 0.134582735862006
31 71 0.0201637987290333
31 23_69_73 0.0077757794120798
31 74 0.0288167994120266
31 75 0.0259337488820803
31 82 0.0067698054964305
31 88 0.0159975257980619
7_32 29_36_52_63 0.0146411089112744
7_32 47 0.0232127526944804
7_32 68_86 0.0443731316977743
7_32 78 0.0472207286604321
7_32 85 0.0276560029531608
7_32 88 0.0221131727090608
33 34 0.12405693386165
33 35 0.0922080586637627
33 29_36_52_63 0.042770997813937
33 40 0.13413839446255
33 41 0.0463121882512397
33 47 0.0132712267610296
33 56 0.113657824055439
33 91 0.0082930017041733
34 35 0.0218781357922307
34 29_36_52_63 0.0216602855654007
34 54 0.0444234973584216
34 66 0.0970692490624946
34 23_69_73 0.0627073547052321
34 82 0.0198393414631502
34 87 0.0632325931409559
35 29_36_52_63 0.0035923442261954
35 42 0.0264710854665797
35 61 0.0532897080007827
35 66 0.0345476104069931
35 67 0.0234073586204738
35 72_81 -0.0332202791602786
35 75 0.0111489256114102
35 76 0.0324956399043751
35 77 0.0339213287898594
35 87 0.0586274080857498
35 88 0.0543356781914183
29_36_52_63 47 0.007397562866222
29_36_52_63 54 0.0255966435424691
29_36_52_63 66 0.100343518614865
29_36_52_63 67 0.0048100662877429
29_36_52_63 68_86 0.0220632229434683
29_36_52_63 74 0.0139399799666898
29_36_52_63 82 0.279258085442062
29_36_52_63 84 0.0168153624715319
37 41 0.194211990590878
37 50 0.0867255154527824
37 72_81 -0.0226941686355016
37 23_69_73 0.0234415107923597
37 74 0.0874074229342633
37 76 0.0168799187175372
37 78 0.0562803462871715
37 85 0.002735120025112
37 91 0.155034269289911
40 41 0.0116797509980785
40 47 0.0991486216173113
40 61 0.11929482966304
40 74 0.0003230617938685
40 76 0.0240790883830357
40 77 0.0641864068908185
40 82 0.0124559281352758
40 91 0.0038872058558727
41 42 0.107370225521641
41 47 0.0738382688895116
41 50 0.156450555246609
41 54 0.0543081924111621
41 56 0.0078684001623582
41 64 0.0060367335888643
41 66 0.0617753993291001
41 67 0.0210791049146682
41 78 0.0552815275794335
41 84 0.0013281562524698
41 90 0.0090366142383351
41 91 0.0474955251199222
42 50 0.150635266764043
42 71 0.0293522039181993
42 23_69_73 0.0152291891050845
42 76 0.0147422409964003
42 80 0.0567045214440009
42 89 0.166524422049667
42 91 0.0858409985990794
47 75 0.0215666242189443
47 78 0.0253421698237965
47 82 0.0029367550178262
47 84 0.0120360006325758
47 85 0.0020843770670227
50 66 0.0846471603619329
50 71 0.0359518164624019
50 23_69_73 0.0684700941710224
50 76 0.007140235516774
50 80 0.0804227544205635
50 88 0.0026455448540313
50 89 0.0058553165599646
50 91 0.191882480290825
53 54 0.0522802348076889
53 61 0.147184856781144
53 64 0.0969890867420409
53 72_81 0.0009778831174851
53 74 0.0007789733788382
53 78 0.0685500237473469
53 70_79_83 0.0059526741269899
53 89 0.044366364791771
53 90 0.0545515133584985
54 56 0.0456469292483875
54 61 0.0690386659112676
54 64 0.0131294627460286
54 65 0.0643920705441716
54 74 0.0065606854088482
54 70_79_83 0.0179167107750884
54 82 0.0113674247763559
54 84 0.0073409005409914
54 87 0.226927197888615
56 65 0.0629993301412941
56 66 0.0620224674439772
56 74 0.0688099920629801
56 77 0.0648034583280965
56 84 0.0736365549416671
56 85 0.0364679353940315
56 87 0.0430279324818388
56 91 0.121510610759691
61 64 0.208935535998892
61 66 0.0434932052909093
61 67 0.0042336233355537
61 68_86 0.111469254344805
61 89 -0.0458511309185417
64 65 0.0263467135535899
64 66 0.0956074702530122
64 68_86 0.0671918424895567
64 71 -0.0963390458362859
64 23_69_73 -0.0124103452572718
64 74 0.0538198905103015
64 78 0.0112230415039999
65 66 0.0460459838355285
65 67 0.0788459144323223
65 71 -0.040936130018981
65 74 0.034263645530196
65 70_79_83 0.0782766336308135
65 80 0.130024623208642
65 84 0.136167110269417
65 87 0.0097265540271286
66 68_86 0.141098800838995
66 74 0.0982548432434149
66 78 0.11923313940449
66 85 0.0131821906830999
66 87 0.017412256298056
66 88 0.0479830794014907
66 91 0.0167008438283268
67 75 0.0621874495603689
67 77 0.0704526101683026
67 70_79_83 0.240533210777318
67 85 0.147150205558705
67 88 0.0404878205128565
67 90 0.213719399916091
68_86 74 0.042151944984601
68_86 78 0.109033358611263
68_86 84 0.0308126639854629
68_86 85 0.0936512255450399
71 72_81 -0.055125734369632
71 23_69_73 0.119017313653655
71 74 -0.0839348849462213
71 75 -0.0308886560467737
71 77 -0.0730922243656233
71 78 -0.0171347114609187
71 70_79_83 -0.0652386447070032
72_81 90 0.0241061079263143
23_69_73 76 0.0386848888312314
23_69_73 87 0.159656363543358
74 75 0.0924905068830842
74 78 0.0133669120240094
74 70_79_83 0.0806276280295054
74 84 0.0015348664010573
74 88 0.0321105121229161
75 76 -0.0009357137558185
75 77 0.0440831736037345
75 78 0.054002355603841
75 70_79_83 0.0532218775223359
75 82 0.0915512118882466
75 88 0.178391170055004
76 80 0.137564261504138
76 84 2.194612940699e-05
76 88 0.0489625499203841
76 91 0.0607044579849555
77 70_79_83 0.008557555370908
77 84 0.0563375141030502
77 85 0.0135284519676557
77 87 0.124791495518947
77 90 0.178802506048416
78 82 0.0838391944602905
78 88 0.103993967696999
70_79_83 82 0.0081780959130458
70_79_83 84 0.0453943642048407
70_79_83 85 0.258972803606484
80 89 0.13319512019677
80 91 0.0935001676626634
82 88 0.0242752465917658
84 85 0.210922452365637
84 87 0.0756599227819887
84 88 0.0465409101441912
84 91 0.0144045864839584
85 87 0.0398634382607648
87 88 0.071367284169279
88 89 0.0037797955662814
88 90 0.134743348149988
