1 8_44 0.0188995783284274
1 9_45_55_59_62 0.0606641306662367
1 16_25_49 0.0827187176151175
1 30 -0.0152167426066897
1 31 0.011373437263594
1 7_32 0.0758855630639751
1 29_36_52_63 0.0667314628609331
1 37 0.0343748241768865
1 41 0.0744870077128949
1 47 0.166491494236551
1 50 0.017596306388137
1 76 0.0354455916012055
1 78 0.0128362241064269
3_6_14_48 11 0.0254432969428318
3_6_14_48 18 0.0247555897300748
3_6_14_48 21_26_51_60 0.0021288310393694
3_6_14_48 22_39_58 0.360727974141642
3_6_14_48 24 0.0761388924570039
3_6_14_48 33 0.016952560388735
3_6_14_48 35 0.250156068844053
3_6_14_48 67 0.0152778902146596
3_6_14_48 75 0.0183482785698285
3_6_14_48 85 0.0634648560024978
3_6_14_48 87 0.0013542658443691
4_5_28_38_46 11 0.0483853979803096
4_5_28_38_46 34 -0.0157498740679147
4_5_28_38_46 40 0.0343248479176688
4_5_28_38_46 50 -0.0189460116294985
4_5_28_38_46 53 0.0930908635719772
4_5_28_38_46 61 0.337061792885047
4_5_28_38_46 64 0.331630706483036
4_5_28_38_46 68_86 0.0358154535995344
4_5_28_38_46 71 -0.0206667439765767
4_5_28_38_46 23_69_73 -0.0113244343689353
4_5_28_38_46 82 -0.0092067716010309
8_44 10_27 0.130285913300616
8_44 11 0.0079237957563337
8_44 17 0.0149557920655554
8_44 18 0.0150987904398585
8_44 20 0.0028537649399483
8_44 21_26_51_60 0.224587262894828
8_44 7_32 0.0202711877980219
8_44 33 0.0163349610093257
8_44 34 0.0168873465110462
8_44 35 0.0317529679330299
8_44 50 0.0153952728077659
8_44 54 0.0178832869871976
8_44 56 0.0697565173407663
8_44 65 0.0072590827996377
8_44 66 0.048351673929235
8_44 67 0.0595701795332968
8_44 75 0.0469927305681825
8_44 77 0.1040943242415
8_44 78 0.0365907794608342
8_44 70_79_83 0.0267035748914052
8_44 84 0.0265358769414673
8_44 85 0.0465399756124224
8_44 90 0.0849691976683886
9_45_55_59_62 10_27 0.0394586890594148
9_45_55_59_62 11 0.023549483871688
9_45_55_59_62 2_12_19 0.29110286497152
9_45_55_59_62 16_25_49 0.0491718698398206
9_45_55_59_62 24 0.0500243367965344
9_45_55_59_62 31 0.263142251638
9_45_55_59_62 7_32 0.23845304974182
9_45_55_59_62 41 0.0314897339556809
9_45_55_59_62 53 0.0863419232489748
10_27 16_25_49 0.0560253608331701
10_27 18 0.163019331849304
10_27 24 0.0912182679653865
10_27 33 0.0155145771856105
10_27 37 0.0279272495455845
10_27 41 0.217136831934567
10_27 42 0.0111132642589575
10_27 50 0.16967030893699
10_27 56 0.04052796452697
10_27 66 0.0141681210951536
10_27 77 0.0470175748919648
10_27 84 0.0712555623113046
10_27 87 0.0376145513996012
10_27 91 0.0019741726694456
11 2_12_19 0.0054745900464445
11 16_25_49 0.0548308297460544
11 7_32 0.111266579638036
11 29_36_52_63 0.0319594196845824
11 37 0.0432863154089001
11 47 0.030548420702921
11 53 0.143590949763994
11 61 0.0145671355086764
11 64 0.201827172497244
11 66 0.0003994271638955
11 68_86 0.132638584161887
11 76 0.0034014895744857
11 78 0.047763584442332
2_12_19 16_25_49 0.0306569626695791
2_12_19 31 0.0872865204591765
2_12_19 7_32 0.169717255016327
2_12_19 37 0.0614253980375275
2_12_19 41 0.0832511021682865
2_12_19 47 0.0064110048717688
2_12_19 53 0.0323363545457858
2_12_19 78 0.0072203628374903
13_43 15_57 0.0086641782012207
13_43 22_39_58 -0.0225354712707844
13_43 24 0.0306978394401315
13_43 34 0.0042803732656039
13_43 29_36_52_63 0.276962610907452
13_43 61 0.0414046964030321
13_43 66 0.052740110227736
13_43 74 0.0006614938326552
13_43 76 0.0514983722441251
13_43 88 0.0485273440713301
13_43 89 0.129214392065395
15_57 17 0.0008627148594444
15_57 30 0.0040377021641281
15_57 34 0.388911855630914
15_57 37 0.0072930323379381
15_57 47 0.012523300494515
15_57 54 0.105721852280735
15_57 67 -0.0493844754476614
15_57 23_69_73 0.0989754213724652
15_57 76 0.0704000411468314
16_25_49 7_32 0.423465721159794
16_25_49 33 0.0025622254243755
16_25_49 29_36_52_63 0.0460046594871288
16_25_49 47 0.128725244650827
16_25_49 53 0.0236830107708387
16_25_49 66 0.018441887728888
16_25_49 68_86 0.0474932954970927
16_25_49 75 0.0101882233686052
16_25_49 76 0.0204430232381317
16_25_49 78 0.0180799999782802
17 18 0.0632787554736873
17 20 0.0679640568029925
17 30 0.102406416858092
17 31 0.032921029118198
17 34 0.058592060271496
17 50 0.0399035545847241
17 54 0.104256101038566
17 65 0.177643175642072
17 76 0.0779095039114306
17 77 0.0225732416382667
17 80 0.0204344109390107
17 89 0.0252430925063718
18 24 0.0916952322225267
18 30 0.0097508112169719
18 33 0.0077957398566713
18 35 0.0244559334976074
18 54 0.0913925462714895
18 56 0.235374626715311
18 65 0.0815329954474484
18 67 0.0855520660188684
18 84 0.152234534082428
18 89 0.11056703058484
18 90 0.0068139853526602
18 91 0.0547276275755778
20 31 0.0106553715382642
20 35 0.0364959123955804
20 37 0.157692640794792
20 42 0.165378435888385
20 67 0.0079882246324722
20 76 0.0805220357061974
20 77 0.0061833622406605
20 84 0.169515205378327
21_26_51_60 33 0.22439211280535
21_26_51_60 34 0.146875610213924
21_26_51_60 40 0.139939339576537
21_26_51_60 54 0.0755849337106189
21_26_51_60 56 0.0166073898313615
21_26_51_60 74 0.0199675827888235
21_26_51_60 75 0.0253128367553214
21_26_51_60 77 0.0956915358596684
21_26_51_60 82 0.0348304486613625
21_26_51_60 84 0.0981605997263307
21_26_51_60 85 0.0682454461789261
21_26_51_60 91 0.0154839711341478
22_39_58 42 0.0261931326313452
22_39_58 54 -0.0355777914602552
22_39_58 61 -0.0179190784070604
22_39_58 23_69_73 0.0302286342559072
22_39_58 75 -0.0569541129638945
22_39_58 82 -0.0369849740821125
24 7_32 0.0149214651028228
24 34 0.0339026623002742
24 37 0.0412395618315631
24 41 0.219208788391101
24 42 0.0069147000889361
24 50 0.0443846119642251
24 53 0.0642823688190589
24 56 0.0594257163517434
24 66 0.0108316856011481
24 67 0.0678337365307834
24 68_86 0.0187496716656003
24 75 0.0377567170170484
24 76 0.016445338152013
24 78 0.0183251296323096
24 89 0.0079091754533975
24 90 0.030559224198368
24 91 0.0132833649130898
30 31 0.0060761467564528
30 54 0.110157751965334
30 23_69_73 0.15451080624082
30 76 0.0522420763927371
30 87 0.140415862302112
30 89 0.126215571018149
30 91 0.11327955966571
31 37 0.0365486919077109
31 42 0.0322433053130136
31 47 0.0341139893841881
31 50 0.0212322144655035
31 71 0.0751173522074478
31 23_69_73 0.0737178688092125
31 87 0.0040723440887723
31 90 0.114936682498211
7_32 37 0.0057014808106744
7_32 41 0.006230398637059
7_32 47 0.0348123751309173
7_32 53 0.0220640867172997
7_32 68_86 0.0622155959172253
7_32 75 0.0243067727093053
7_32 78 0.0386710080186948
7_32 85 0.0202185404547975
33 34 0.057739039187805
33 35 0.148839260928146
33 29_36_52_63 0.0186765888115634
33 40 0.0848087842201075
33 41 0.0430052462074376
33 42 0.0018306002272205
33 54 0.0024591157729352
33 56 0.048965673674043
33 67 0.0385836964784146
33 76 0.0171331318529942
33 84 0.0981031489092117
33 85 0.0893436171718606
33 87 0.026773364495643
34 35 0.0428344861266461
34 29_36_52_63 0.0344395794022617
34 42 0.01420643329123
34 54 0.0658289862193796
34 23_69_73 0.0500050202077697
34 76 0.0096277241052779
34 82 0.0030235383475329
34 87 0.0662753460292645
34 90 0.0014238481241351
34 91 0.0362278699227209
35 65 0.0417366436107308
35 67 0.0221201423743672
35 74 0.0049776643611372
35 77 0.106181280978425
35 80 0.121669351265577
35 85 0.0542261057848475
29_36_52_63 41 0.0385690466589339
29_36_52_63 56 0.0031558744142014
29_36_52_63 66 0.0791303213461023
29_36_52_63 68_86 0.0304079444549433
29_36_52_63 78 0.0369646167967886
29_36_52_63 82 0.22308888538263
29_36_52_63 84 0.0119623742409345
37 41 0.161375603781715
37 42 0.0857204069004484
37 50 0.166533799325515
37 66 0.0659636893421072
37 23_69_73 0.0645416481149988
37 85 0.0038371311107794
37 91 0.0504791959909593
40 41 0.022905850475492
40 53 0.0404563388602226
40 61 0.0184116938942959
40 64 0.228865701698218
40 68_86 0.0643769320324627
40 75 0.0305355151849743
40 77 0.0034720197559403
40 85 0.0325347936763338
41 42 0.0598195035411757
41 50 0.0417191931558531
41 53 0.0180258405546816
41 56 0.093110916104169
41 66 0.0117065875474701
41 85 0.0333664762777552
41 91 0.0168502336984958
42 50 0.0158339544381065
42 53 0.0079187246606497
42 78 0.0105640514484353
42 80 0.0329918189813196
42 84 0.0237401969609343
42 89 0.0044017075275835
42 90 0.0503813702685661
42 91 0.0631883812854146
47 53 0.172748662055246
47 65 0.0010452811704103
47 74 0.0007482025152112
47 75 0.0618058592555181
47 77 0.0282339199560821
47 78 0.047982106062689
47 82 0.0127820095174068
47 88 0.024375939423193
47 90 0.0350990543224955
50 56 0.0724046864085221
50 67 0.0307407598398443
50 23_69_73 0.0437260670253154
50 78 0.0038421926923792
50 89 0.127893064206566
50 90 0.0479050449318531
50 91 0.0455079233906535
53 61 0.0052547737109971
53 64 0.111157710741499
53 65 0.114786801718084
53 68_86 0.0512920201623075
53 71 -0.0781935248116816
53 72_81 0.127352789012622
53 23_69_73 -0.0521931994026811
53 74 0.0443991862053201
53 78 0.0325683014052269
53 80 0.0006495207968718
54 61 0.0250560812715395
54 65 0.0267686811157013
54 66 0.0311018217715667
54 68_86 0.0275019896369844
54 74 0.180291090013342
54 82 0.127651887502495
54 87 0.125875463947968
54 88 0.0900076699759808
54 89 0.0527825014424933
56 66 0.127542834220867
56 76 0.0124794634052231
56 84 0.0952354150359386
56 85 0.046897120976138
56 87 0.155012548196255
56 91 0.0440279604276244
61 64 0.147720931025022
61 65 0.0323826468585341
61 68_86 0.0313032469881885
61 71 -0.0632277108697157
61 74 0.010746757039476
61 75 0.0332388517680711
61 76 0.059021265848676
61 85 0.0378850997622643
61 89 0.0113271955728729
61 91 -0.0179605776565999
64 66 0.0085445566801613
64 68_86 0.0642973472155677
64 85 0.024393046316045
65 66 0.0923636673180474
65 71 -0.0836643445334481
65 74 0.0908482443491782
65 76 0.0444305134495709
65 77 0.0161545695453784
65 70_79_83 0.072796006364977
65 80 0.204789584868846
65 84 0.0191854487746947
65 89 0.0274363168902272
66 67 0.0392135673892278
66 68_86 0.206980194808058
66 78 0.161738988806362
66 84 0.0551111030193589
66 88 0.0260647376186147
67 70_79_83 0.155130215150014
67 80 0.127779722738017
67 84 0.0107961905527016
67 85 0.0735492800110477
67 90 0.188404826571249
67 91 0.146819209142226
68_86 74 0.0448296229775408
68_86 77 0.0114042412345234
68_86 78 0.0700305032027013
68_86 84 0.0203646587514311
68_86 85 0.0205959129047588
71 72_81 -0.190665798621236
71 23_69_73 0.131137233027734
71 74 -0.0491268884303541
72_81 74 0.0478806822778516
72_81 70_79_83 0.033454690213893
72_81 88 0.0576946118830883
72_81 90 0.021044162589483
23_69_73 76 0.0149137777763857
23_69_73 87 0.200444579109789
23_69_73 90 0.0534539622843142
23_69_73 91 0.0058267231710756
74 75 0.267218645276309
74 82 0.0279068141971317
74 85 0.0515337094939911
75 77 0.0816292608333096
75 78 0.081687350630789
75 88 0.0784790897815803
76 70_79_83 0.0025937186341405
76 80 0.0450380873451855
76 91 0.0589546931337843
77 78 0.0472811664125757
77 84 0.0232194541770683
77 85 0.121311025364093
77 88 0.0374133406085496
77 89 0.0166892571479679
77 90 0.174256309458221
78 84 0.0106677438672272
78 88 0.230266007530979
78 90 0.0815516754473452
70_79_83 80 0.0448796289666335
70_79_83 84 0.0657140802505425
70_79_83 85 0.2840363931666
80 84 0.0146181079024549
80 89 0.119543399517732
80 91 0.0086456902245125
82 88 0.115505429357106
82 89 0.0518012875301748
84 87 0.0668087256253721
84 91 0.079771538632239
85 87 0.0176422868592051
85 91 0.0629585905295652
88 90 0.071373409676971
89 91 0.0765070618468296
90 91 0.0367329758005145
