1 10_27 0.0077305364519292
1 11 0.195522869315448
1 16_25_49 0.122890427819979
1 7_32 0.0817281341533891
1 47 0.163102850465635
1 77 0.0041631658656178
3_6_14_48 21_26_51_60 0.0009335721056866
3_6_14_48 22_39_58 0.471331237110935
3_6_14_48 24 0.0608680173637051
3_6_14_48 33 0.0270510596872721
3_6_14_48 35 0.184572201814515
3_6_14_48 42 0.0251805957663884
3_6_14_48 61 0.0041633165333082
3_6_14_48 74 0.0127817018546723
3_6_14_48 70_79_83 0.0010806527112214
3_6_14_48 84 0.0290828054367941
3_6_14_48 87 0.0404693170140949
4_5_28_38_46 17 -0.0156013632112425
4_5_28_38_46 31 -0.0142719686185802
4_5_28_38_46 53 0.122400235801125
4_5_28_38_46 61 0.387668784426502
4_5_28_38_46 64 0.424084635494253
4_5_28_38_46 71 -0.0432812599324054
4_5_28_38_46 75 -0.0317848127275547
4_5_28_38_46 82 -0.0089800518964261
8_44 9_45_55_59_62 0.0334709548053629
8_44 10_27 0.135233399042835
8_44 16_25_49 0.004134342312818
8_44 18 0.0301924759851171
8_44 20 0.0613295799363573
8_44 21_26_51_60 0.157168986935865
8_44 33 0.110894179329725
8_44 34 0.0302107108915087
8_44 35 0.0446781380800561
8_44 40 0.0772300726172117
8_44 53 0.0072589046490829
8_44 54 0.0189539719911828
8_44 66 0.0212599325033539
8_44 67 0.143364235186034
8_44 68_86 0.0537080457756854
8_44 72_81 0.024392773698129
8_44 74 0.0437033280491418
8_44 75 0.0055988821368535
8_44 77 0.0459011736303379
8_44 70_79_83 0.0094148400047817
8_44 88 0.0007379722674075
8_44 90 0.063392920573922
9_45_55_59_62 10_27 0.0015673688121823
9_45_55_59_62 11 0.0313614847218629
9_45_55_59_62 2_12_19 0.262422897562103
9_45_55_59_62 16_25_49 0.078269217162263
9_45_55_59_62 24 0.0161571677431611
9_45_55_59_62 31 0.357231399653508
9_45_55_59_62 7_32 0.198530361210607
9_45_55_59_62 41 0.0233782231428725
9_45_55_59_62 42 0.0159938971072063
9_45_55_59_62 53 0.0228445465548106
9_45_55_59_62 54 0.0067558453482632
9_45_55_59_62 56 0.0060588208652619
9_45_55_59_62 68_86 0.0079170582370905
9_45_55_59_62 77 0.0443490597275338
9_45_55_59_62 78 0.021813005321301
9_45_55_59_62 88 0.0064795247023752
9_45_55_59_62 90 0.010889360618147
10_27 18 0.0735683293427262
10_27 20 0.110691538299057
10_27 24 0.0959208322322562
10_27 35 0.0874476181054682
10_27 29_36_52_63 0.0692824592420849
10_27 37 0.0735504128965412
10_27 41 0.164955604556831
10_27 42 0.102752357193508
10_27 50 0.120187613522288
10_27 54 0.0223097848074156
10_27 65 0.0229070130766624
10_27 66 0.0397871391138059
10_27 67 0.0511334977187482
10_27 84 0.0294774590490479
10_27 89 0.0150998632639653
10_27 90 0.0631260299997084
11 16_25_49 0.0269878393516705
11 31 0.0909672459403176
11 7_32 0.0916059185917553
11 29_36_52_63 0.107775395278588
11 37 0.0436434867807393
11 40 0.063803321480778
11 47 0.0947525874388818
11 61 0.111745888344982
11 64 0.0653520144610598
11 68_86 0.066064132822572
11 77 0.0246017575847529
2_12_19 16_25_49 0.0475630837906963
2_12_19 7_32 0.244233130603049
2_12_19 37 0.0758630937512762
2_12_19 41 0.0606540525412416
2_12_19 42 0.0121802075104973
2_12_19 47 0.0532504237107653
2_12_19 50 0.0180327873584079
2_12_19 78 0.0027626265198731
13_43 18 0.007942101727622
13_43 30 0.0026406994941171
13_43 29_36_52_63 0.256921145635654
13_43 56 0.0040358448379685
13_43 65 0.0262424359048503
13_43 74 0.015149048704682
13_43 75 0.0031698526574934
13_43 82 0.013271925822908
13_43 89 0.0311432904712117
15_57 17 0.181452901014838
15_57 30 0.046044886326358
15_57 33 -0.0016077128094069
15_57 34 0.251907517797321
15_57 50 0.0419015927516884
15_57 67 -0.0934657067236269
15_57 71 0.0150867765288365
15_57 23_69_73 0.156042696807675
15_57 76 0.055048159615745
15_57 70_79_83 -0.0077468596177417
15_57 85 -0.0031168661293269
15_57 89 0.0866026917355038
15_57 90 0.0219128685519765
15_57 91 0.0062773343796606
16_25_49 24 0.0116618166779779
16_25_49 7_32 0.369637461225988
16_25_49 29_36_52_63 0.031113748525407
16_25_49 37 0.0185815226930247
16_25_49 40 0.0418056312791642
16_25_49 41 0.0179212398563464
16_25_49 47 0.0814915349247916
16_25_49 53 0.0724227073673109
16_25_49 77 0.0179523664631053
16_25_49 78 0.0816053613059242
16_25_49 85 0.0039894516055816
17 18 0.0429530979603685
17 30 0.215878827701868
17 34 0.013798085715542
17 37 0.0136653987997332
17 42 0.0203274883718227
17 54 0.162151557216006
17 65 0.143957510167411
17 74 0.0403236115004121
17 76 0.0226386838602664
17 88 0.0540942416043766
17 89 0.0750712027811951
17 90 0.0064198134858647
18 20 0.065717268006626
18 24 0.0917538957512952
18 30 0.0724990741904535
18 33 0.0323142261639476
18 29_36_52_63 0.0476182246441965
18 37 0.0104507304695771
18 54 0.0205266121921438
18 56 0.162283190035828
18 65 0.100762960388521
18 67 0.0819724336482017
18 74 0.0193506352577446
18 76 0.0419963606865874
18 84 0.046084478501647
18 88 0.0577234196465618
18 89 0.0897066144004915
18 91 0.0079984059309836
20 21_26_51_60 0.0745621404857874
20 34 0.0116742729460918
20 37 0.0635437548747205
20 40 0.0199103507168912
20 42 0.138095131862304
20 56 0.007686568965644
20 65 0.0779740640102011
20 72_81 0.019388645487653
20 77 0.0166359054804979
20 80 0.0834686832630371
20 84 0.0922299407408648
20 89 0.0129596800132616
20 91 0.0916936938654521
21_26_51_60 33 0.182912713996543
21_26_51_60 34 0.201845845765735
21_26_51_60 35 0.0388401157338511
21_26_51_60 29_36_52_63 0.0097222914086846
21_26_51_60 40 0.10010874437395
21_26_51_60 56 0.10117726037425
21_26_51_60 61 0.0129296904925944
21_26_51_60 64 0.0399142464713245
21_26_51_60 66 0.0031103141381734
21_26_51_60 68_86 0.001818516743366
21_26_51_60 72_81 0.0166109230281281
21_26_51_60 77 0.183136947851232
21_26_51_60 82 0.0357853293832432
21_26_51_60 91 0.0981519039521015
22_39_58 35 0.0593813054168114
22_39_58 37 0.0049811034930618
22_39_58 42 0.0172440295689005
22_39_58 50 0.0004167507291046
22_39_58 53 -0.026483822240019
24 7_32 0.0181941386653804
24 35 0.0532275265748463
24 41 0.124597636568311
24 50 0.0612527525632427
24 56 0.114921395700326
24 65 0.0301704664249112
24 67 0.0481020611141009
24 77 0.0192582303386005
24 78 0.0362902853564381
24 80 0.035999704964087
24 84 0.146351996109033
30 31 0.0096815333329055
30 33 -0.0070851300706862
30 50 0.0378697197568793
30 71 0.0012316944597615
30 23_69_73 0.245831202601875
30 74 0.0035750763843492
30 76 0.0501054560587182
30 87 0.14893480032142
30 89 0.0875006627653764
30 91 0.0223735002305491
31 37 0.0651865174991338
31 42 0.0191859506247421
31 50 0.0956587693033242
31 54 0.040779652681434
31 71 0.0461884586392252
31 87 0.0079754278347178
7_32 33 0.0111650861310346
7_32 41 0.0058722231175791
7_32 47 0.0309747737247557
7_32 53 0.0610037687547619
7_32 68_86 0.0177023239179673
7_32 78 0.0572307688126163
33 34 0.0986270618011079
33 41 0.0102521137435132
33 54 0.0274113874168472
33 56 0.0387212109950679
33 66 0.0732206601554671
33 67 0.014944832270106
33 68_86 0.0216292432654021
33 74 0.0728293486614373
33 75 0.0356424442190369
33 77 0.0736709455001943
33 85 0.0717254369897688
33 91 0.0641582770778978
34 35 0.0007761087371709
34 41 0.0513338831958887
34 42 0.013892905141943
34 54 0.0869520196350161
34 56 0.0634179142325274
34 66 0.0260122775491113
34 23_69_73 0.0821451135911844
34 75 0.0305003339351371
34 90 0.0197052246113708
34 91 0.0228305022061099
35 29_36_52_63 0.0468301403482603
35 42 0.0587347886294803
35 56 0.0219970074006618
35 65 0.0059973697100378
35 66 0.0631991465660226
35 67 0.0308696112756472
35 71 -0.0972701151863152
35 74 0.0088155982002802
35 77 0.0230124937352356
35 78 0.0041184155899075
35 70_79_83 0.0210485427466295
35 80 0.014993485782288
35 84 0.124697217889196
35 87 0.0879076537294192
35 88 0.0034721367429096
35 90 0.0426766338678858
29_36_52_63 66 0.0883690787856965
29_36_52_63 68_86 0.0425447835225314
29_36_52_63 75 0.0050536196203195
29_36_52_63 78 0.0223489230666599
29_36_52_63 82 0.158716270451279
29_36_52_63 88 0.118681458255153
37 41 0.238279247105272
37 42 0.0972696016045404
37 47 0.0406605622156321
37 50 0.189132493527849
37 23_69_73 0.021936788529956
37 76 0.0163885178444545
37 91 0.105004540992848
40 47 0.138918453278048
40 54 0.0857332137270245
40 56 0.0040761612099904
40 61 0.0950770046297857
40 64 0.0228243646522782
40 85 0.102771261769655
41 42 0.0321749085424166
41 47 0.0648539383636823
41 50 0.138612634037247
41 53 0.0497858953145281
41 56 0.0322612120660027
41 66 0.0119648189013605
41 67 0.0348935992269677
41 78 0.0617340740158103
41 70_79_83 0.0002550440643861
41 84 0.0766028310388581
41 85 0.0110072969226405
41 91 0.0177074548343545
42 50 0.0109967135909158
42 54 0.0199476170353762
42 56 0.0006002827596009
42 23_69_73 0.0055246818930415
42 76 0.0651501432545901
42 80 0.0389121233225028
42 89 0.03088780490387
42 91 0.0131776819445847
47 53 0.0928642944893533
47 54 0.0313658515849113
47 56 0.0099329536476314
47 64 -0.042853222447215
47 68_86 0.0555731657373949
47 78 0.038303768110908
47 85 0.0022652408380762
50 56 0.0061519828671152
50 71 0.0852829222830478
50 23_69_73 0.0292497636899714
50 89 0.19797603170227
50 91 0.0566154564261944
53 61 0.0532952760739098
53 64 0.135163400194502
53 67 0.0239334275925928
53 68_86 0.115692718134896
53 71 -0.0160276196375875
53 78 0.105042377612244
53 90 0.0062629286958891
54 56 0.16140080270115
54 65 0.105206163377433
54 66 0.0398193974444542
54 72_81 0.0160632124228624
54 74 0.12832995235252
54 75 0.118562076324964
54 88 0.0062575013684003
54 90 0.0357788220369677
56 66 0.085794824180141
56 76 0.0686259039716895
56 77 0.0509970102537098
56 84 0.0749290029688265
56 87 0.0852274334072856
61 64 0.0665873762973544
61 66 0.015186682351057
61 68_86 0.0356604867313553
61 77 0.026762698261131
61 85 0.015352777215359
61 87 0.0342086030094562
61 88 0.0005020424956628
64 65 0.0896924996581378
64 66 0.0068711162778355
64 67 0.0456835753483993
64 68_86 0.0469191948611788
64 71 -0.0950197498580087
64 76 0.0335289227345293
64 84 0.0582494532292988
64 85 0.0392342828474311
65 67 0.0254507322760383
65 74 0.0873515279851812
65 76 0.0212491145155503
65 70_79_83 0.0965732051245788
65 80 0.106454152934973
65 84 0.0293518619890645
65 89 0.0663327602497823
65 90 0.0272861577382575
66 67 0.0866993758234257
66 68_86 0.189979224721697
66 71 -0.009314744373832
66 75 0.0813369813461677
66 76 0.033550955595281
66 78 0.108980317796869
66 82 0.0509205255964034
66 84 0.0322586362313559
66 87 0.0191632923354949
66 88 0.0025520599105293
67 71 -0.0342270473713482
67 72_81 0.0756735430464192
67 77 0.0041337869942783
67 78 0.0375350499630485
67 70_79_83 0.1832635472885
67 80 0.0160064203122314
67 84 0.0067980311405811
67 85 0.0896549245209508
67 90 0.0161601748342223
68_86 71 -0.0292349598673821
68_86 78 0.0887504786898568
68_86 84 0.0185806447453369
68_86 85 0.0925716781092947
68_86 89 -0.0135351179913092
71 72_81 -0.0626207443658554
71 23_69_73 0.0644866673676585
71 74 -0.108429778251735
71 77 -0.0447236059660222
71 78 -0.0140445602005026
71 70_79_83 -0.0638106380979661
71 80 -0.025106151220425
71 89 0.062490243586841
71 91 0.0603741735161512
72_81 74 0.0015878236846357
72_81 70_79_83 0.0889316736892248
72_81 90 0.0284542914900861
23_69_73 87 0.205870448072233
74 75 0.0716980651187585
74 76 0.0718544156387634
74 77 0.0106018575180084
74 78 0.0267631815288976
74 70_79_83 0.0390160113291725
74 80 0.0567265490645108
74 90 0.0237210177439968
75 76 0.0408719518475127
75 78 0.157537603592004
75 82 0.142457577459
75 88 0.112286967675653
76 80 0.0436581056154819
76 84 0.0114084081701043
76 87 0.0068941500603774
76 89 0.0210765497213289
76 91 0.0342896691891999
77 70_79_83 0.0417345309483627
77 80 0.0243322597152102
77 85 0.0939240632747956
77 91 0.0018369400987547
78 88 0.10661052025033
78 91 0.015246485090316
70_79_83 80 0.0092523157123186
70_79_83 84 0.0323718015706105
70_79_83 85 0.270991474710584
80 89 0.116206195456185
80 91 0.0190834034255018
82 88 0.0942123254857297
82 91 0.0319114504031101
84 85 0.273371123872316
84 87 0.0355164897019578
84 91 0.0711485593636394
85 87 0.0605876621171794
87 88 0.014219405734137
87 90 0.0390075724410986
88 90 0.225417012529025
89 91 0.0311626705040474
90 91 0.0249614907540868
