1 8_44 0.0092572080519642
1 11 0.150903693446385
1 2_12_19 0.0148650381316896
1 16_25_49 0.120873386458118
1 20 0.0180446201791752
1 31 0.0040446456235748
1 7_32 0.0804287118954775
1 35 0.0008951585092774
1 37 0.0078491993043627
1 40 0.0036552465823305
1 42 0.0226468099708746
1 47 0.0775977570803913
1 56 0.0050698007826711
1 78 0.0439480479662542
3_6_14_48 18 0.0244513097886984
3_6_14_48 22_39_58 0.289663653105996
3_6_14_48 24 0.011751707825915
3_6_14_48 35 0.155975392084107
3_6_14_48 40 0.003078031596366
3_6_14_48 53 0.0112487697452712
3_6_14_48 61 0.0101259783172914
3_6_14_48 71 -0.0275646657520536
3_6_14_48 77 0.0163561438052687
3_6_14_48 70_79_83 0.0435600728185696
3_6_14_48 84 0.0326393844447541
3_6_14_48 90 0.0327336766877365
3_6_14_48 91 0.0254242333205128
4_5_28_38_46 11 0.0509022421027952
4_5_28_38_46 30 0.0426762112313597
4_5_28_38_46 40 0.0457233451780207
4_5_28_38_46 47 -0.117274374810776
4_5_28_38_46 53 0.209125994067454
4_5_28_38_46 61 0.418172632724666
4_5_28_38_46 64 0.174194589272217
4_5_28_38_46 68_86 0.0018347770111321
4_5_28_38_46 71 -0.0676642749949076
4_5_28_38_46 23_69_73 -0.0238993521795007
4_5_28_38_46 82 -0.0004266450109914
4_5_28_38_46 88 -0.0016996824473251
8_44 9_45_55_59_62 0.0237144285501967
8_44 10_27 0.102501739823391
8_44 11 0.029012643084101
8_44 21_26_51_60 0.174619859426699
8_44 33 0.0910759089985338
8_44 34 0.053788021593291
8_44 29_36_52_63 0.0050901285387551
8_44 40 0.0716203356465912
8_44 54 0.0268912623816724
8_44 65 0.0141933768815545
8_44 66 0.089590074548057
8_44 67 0.0253621892942681
8_44 68_86 0.0758701419749486
8_44 75 0.0348710111914829
8_44 77 0.0955701115503645
8_44 78 0.0131992360002001
8_44 90 0.10091688175907
9_45_55_59_62 10_27 0.0126816534862621
9_45_55_59_62 11 0.0346022516469325
9_45_55_59_62 2_12_19 0.243995432041623
9_45_55_59_62 15_57 0.0428274043279975
9_45_55_59_62 16_25_49 0.0328387909123807
9_45_55_59_62 31 0.336233701859928
9_45_55_59_62 7_32 0.255927588126493
9_45_55_59_62 68_86 0.01840069468019
9_45_55_59_62 23_69_73 0.0045328107422065
9_45_55_59_62 78 0.0232588001709056
10_27 2_12_19 0.0570294118544577
10_27 18 0.209664029544422
10_27 20 0.0561176022568464
10_27 24 0.107670666567845
10_27 31 0.0270128048491364
10_27 7_32 0.0177783408372443
10_27 35 0.0047194676960494
10_27 37 0.0729401698833528
10_27 41 0.179242557379826
10_27 42 0.0505866622711705
10_27 50 0.117530404323988
10_27 56 0.0469517557555728
10_27 84 0.0706778693831586
10_27 85 0.0029241214470888
11 15_57 0.0142022055666334
11 16_25_49 0.0827878837868241
11 30 0.0099650726479318
11 31 0.111638791596997
11 7_32 0.0643518128137863
11 34 0.0353447902623242
11 29_36_52_63 0.106541798339742
11 42 0.0393840689337868
11 47 0.125269218498742
11 53 0.0056449052431093
11 64 0.152812078286492
11 68_86 0.0404798569172457
11 78 0.0737003106339662
11 87 0.0258182928246679
2_12_19 16_25_49 0.0194982092606713
2_12_19 20 0.0104074874788844
2_12_19 31 0.0616361726542457
2_12_19 7_32 0.0394473754246859
2_12_19 37 0.0516989230203539
2_12_19 41 0.0025194165947927
2_12_19 42 0.0587734307677561
2_12_19 47 0.0500577985556624
2_12_19 68_86 0.0294826823866395
2_12_19 23_69_73 0.0320354590337765
13_43 20 -0.0743284917577616
13_43 24 0.0092803970785216
13_43 35 0.0334807566564272
13_43 29_36_52_63 0.292522944661024
13_43 54 0.0340865221431284
13_43 75 0.0162479576947553
13_43 88 0.0438878004392817
13_43 89 0.0974603060397869
13_43 90 0.0663348191642792
15_57 17 0.0240423150638688
15_57 30 0.0486474956395921
15_57 34 0.262779228007537
15_57 54 0.0268565904920453
15_57 67 -0.0251600786540082
15_57 23_69_73 0.295935694205641
16_25_49 7_32 0.482355142984827
16_25_49 40 0.0052751037915882
16_25_49 47 0.0589938979466288
16_25_49 53 0.0714754577503943
16_25_49 64 0.0093453363849199
16_25_49 68_86 0.0265131846345157
16_25_49 75 0.0161238763911891
16_25_49 78 0.0032086837863993
16_25_49 90 0.018592962546357
17 18 0.148707767831112
17 20 0.0122827077316544
17 30 0.168235515972545
17 47 0.0078955682116433
17 50 0.005853010706688
17 54 0.0977217963449934
17 65 0.15630851876983
17 23_69_73 0.0388814707303245
17 76 0.272892589895277
17 80 0.02340005802882
17 89 0.0650506262239604
18 20 0.0392545021856766
18 24 0.0900657042253055
18 30 0.020135582914719
18 35 0.0565192417100258
18 54 0.0095068527477802
18 56 0.17879993342656
18 74 0.0589039570801078
18 80 0.0755171648898927
18 84 0.0565391174429744
18 85 0.0183113664732307
18 87 0.0085753561716176
18 89 0.0763768006446239
18 90 0.0130818854492262
18 91 0.0389058057704412
20 31 0.0927556531538525
20 35 0.0640035862686219
20 37 0.0789083414897764
20 40 0.0195218416387953
20 42 0.11133429752493
20 56 0.008214891237417
20 66 0.111869387612785
20 67 0.008488839253304
20 23_69_73 0.0011833220952905
20 84 0.0802757338808813
20 91 0.0533380756142902
21_26_51_60 24 0.0301638912082716
21_26_51_60 33 0.145417522316476
21_26_51_60 34 0.288199539167383
21_26_51_60 35 0.0316080051672793
21_26_51_60 40 0.150678538786595
21_26_51_60 47 0.0159647736265972
21_26_51_60 54 0.0080148307415593
21_26_51_60 56 0.168771856862473
21_26_51_60 66 0.0226974542794273
21_26_51_60 72_81 0.0206826486941616
21_26_51_60 75 0.0170272006567946
21_26_51_60 76 0.008694286035649
21_26_51_60 77 0.0522708258917735
21_26_51_60 70_79_83 0.020447266902806
21_26_51_60 82 0.0137652017016995
21_26_51_60 90 0.0057569560064897
21_26_51_60 91 0.0469074732128497
22_39_58 24 0.0424398850563377
22_39_58 35 0.1163780552172
22_39_58 42 0.0027689421870831
22_39_58 50 0.0035752992675557
22_39_58 67 0.0231789497977886
22_39_58 90 0.0531080805147697
24 30 0.0138829088074317
24 35 0.176698585749923
24 29_36_52_63 0.0308067318923853
24 37 0.0331173124898219
24 41 0.109350973371867
24 50 0.0418513365734368
24 65 0.0027004535936389
24 67 0.0778096506896737
24 72_81 0.0073861191197539
24 78 0.0440369332103511
24 88 0.0111877614249483
24 89 0.0124341625719228
24 90 0.0427030854478881
24 91 0.0802309489277662
30 33 -0.0498617810387492
30 50 0.0708881203223901
30 54 0.152227969815923
30 65 0.031068693941086
30 23_69_73 0.0971718727226362
30 87 0.0098201955496873
30 89 0.127210998901251
31 29_36_52_63 0.0232933230066709
31 37 0.0139813297502251
31 41 0.106426645929974
31 61 0.0245291181780214
31 78 0.0043545392791317
31 89 0.0404683028352814
7_32 33 0.0050026737154231
7_32 35 0.0005634521778202
7_32 37 0.027039193409336
7_32 64 0.0685950967856098
33 34 0.176772378071116
33 40 0.103427278335131
33 41 0.0086426145386304
33 47 0.0118618401465474
33 56 0.0868805094935277
33 66 0.0504062318845802
33 67 0.0158930617663774
33 68_86 0.0215321515750051
33 77 0.0761242931678781
33 70_79_83 0.0153551155353716
33 82 0.0419279146185281
33 85 0.0464610273723535
33 91 0.0559914637679432
34 29_36_52_63 0.036617812562544
34 54 0.153176302873159
34 56 0.0031073475945809
34 76 0.028416091020037
35 29_36_52_63 0.0044648073215698
35 40 0.0291840381591461
35 42 0.0405840213205827
35 54 0.0078317192608217
35 56 0.0814993031937799
35 64 0.0119773271559566
35 65 0.0603930731976864
35 66 0.041320756877798
35 67 0.0850127388294504
35 71 -0.0060098802080002
35 72_81 0.0204810299170685
35 85 0.0286135300072933
35 88 0.0376198781118105
29_36_52_63 47 0.0357189572845048
29_36_52_63 54 0.0026404321876374
29_36_52_63 65 0.00596306295697
29_36_52_63 66 0.0718635589871438
29_36_52_63 82 0.143262275080253
29_36_52_63 85 0.0066597531368556
37 41 0.22024173815845
37 42 0.17240635031789
37 50 0.150289908466522
37 56 0.0164860505903755
37 67 0.0266046148351161
37 23_69_73 0.0669038200729683
37 91 0.0099152505872323
40 47 0.0647122816279856
40 61 0.0034087850400386
40 64 0.0477721834396057
40 67 0.0154067802801348
40 77 0.0549332144196988
40 78 0.010032436713769
40 88 0.0243537881248112
41 42 0.011671986673197
41 47 0.0514159455349178
41 50 0.188889419303707
41 56 0.0844018020911024
41 67 0.019554813485804
41 23_69_73 0.0334912962159068
41 78 0.0223631960419603
41 84 0.0280640664247458
41 87 0.0263120173415606
41 91 0.151465870481058
42 50 0.0835636541381052
42 66 0.0399451655676409
42 67 0.0509013143248634
42 68_86 0.0133933896963242
42 23_69_73 0.005274048668171
42 78 0.0097430417332316
42 85 0.0639160534455809
42 91 0.129596415293488
47 53 0.189883992588533
47 56 0.0067729273323626
47 66 0.0551642478202219
47 75 0.0063813270481146
47 80 0.0139688379775183
47 82 0.0763484538787062
47 84 0.0721792761637196
50 56 0.0300306054682289
50 66 0.0064856771376495
50 23_69_73 0.0149094116571785
50 78 0.126844694576491
50 80 0.0251740497502582
50 84 0.0471198059964589
50 89 0.133205884280728
50 90 0.0503128093641806
50 91 0.0160701613406003
53 54 0.0078311720482893
53 61 0.0978869317365374
53 64 0.104223401542713
53 68_86 0.0555769707628071
53 71 -0.0505251298931809
53 72_81 0.0047362001770437
53 77 0.0169094121292523
53 78 0.0184981471138569
53 70_79_83 0.0074968941468254
53 85 0.0065395288501232
53 87 0.0026013324649582
54 56 0.0743168891535626
54 61 0.0720237254917951
54 65 0.126177046448243
54 23_69_73 0.0161907685549823
54 74 0.0763680106090356
54 75 0.0097794916431122
54 77 0.03419452720326
54 70_79_83 0.0046217816046652
54 84 0.0074238559113185
54 87 0.221194268398093
54 88 0.0058451094099288
54 89 0.0508689351232499
56 61 0.0029545965034416
56 66 0.022414249375802
56 70_79_83 0.0183213040881096
56 84 0.0794854162807108
56 87 0.100973956103533
56 90 0.0793664146745763
61 64 0.212217721302297
61 68_86 0.0750214256702791
61 71 -0.004432923268036
61 72_81 0.0335903693845256
61 76 0.004260813338668
61 77 0.0308195565092504
61 87 0.0137244389980231
64 68_86 0.15737659681108
64 85 0.0335718601051177
64 87 0.0690489298556423
65 66 0.0812123778023003
65 67 0.0719986295491348
65 71 -0.0232818153517649
65 72_81 0.0063199602003911
65 74 0.109125514417662
65 75 0.002419322403928
65 76 0.0280411622129718
65 77 0.0057531582002682
65 80 0.0695827304748802
65 85 0.0483562667850071
65 90 0.0279549283837325
66 68_86 0.105196140993543
66 75 0.0569542640384966
66 78 0.115331637294639
66 82 0.015424101767768
66 84 0.165766888551198
66 88 0.0174949845536803
67 72_81 0.0130747097680015
67 77 0.0236679141077537
67 70_79_83 0.0984491285362099
67 80 0.0947630702196261
67 84 0.0521542440011439
67 85 0.167348067860275
67 88 0.015899303902489
67 90 0.0651782939194694
68_86 75 0.075374183674721
68_86 78 0.131310637658305
68_86 85 0.139525528383277
71 72_81 -0.0690801324644835
71 23_69_73 0.126298161504584
71 70_79_83 -0.0181135225911926
71 87 0.0752399730560196
72_81 74 0.0017082253381936
72_81 70_79_83 0.0449609326104711
72_81 85 0.0149243645477729
72_81 90 0.0705045881540973
23_69_73 76 0.0455322947095684
23_69_73 87 0.141632615386843
74 76 0.0251606976204874
74 77 0.0148833812515408
74 70_79_83 0.0953830574990221
74 89 0.0860346275368553
74 90 0.0295981728891655
75 77 0.0353178731436181
75 78 0.0876410041893695
75 82 0.0854738318074739
75 88 0.295947718732008
76 70_79_83 0.0277854906291339
76 80 0.142846430062761
76 84 0.112652161243619
76 89 0.0093597071280446
77 84 0.0619965072175487
77 85 0.165276038123122
77 87 0.0101346199327144
77 88 0.054206012008617
77 90 0.0712831920133407
78 82 0.105611032946453
78 88 0.190116878606828
70_79_83 84 0.0383317157982319
70_79_83 85 0.277728101157362
70_79_83 91 0.067688193459371
80 84 0.0638727348718078
80 89 0.103021969019802
80 91 0.0592979666337449
82 84 0.0090261423293259
82 88 0.154483707572687
84 85 0.1969091329239
84 87 0.0564937571430291
85 88 0.0121336733023824
85 91 0.0045320659740338
87 88 0.0420981110852684
88 90 0.0854214070017608
89 90 0.0282338487059294
89 91 0.121465064298298
90 91 0.0234461600409208
