01 3_6_14_48 0.008085348430543534
01 4_5_28_38_46 -0.02224020699103826
01 07 0.1988074236309968
01 11 0.02059429615753853
01 16_25_49 0.1067494815056047
01 32 0.026829860171825856
01 29_36_52_63 0.006383262089293318
01 37 0.03239001697420271
01 47 0.10049777764177333
01 70 -0.03850100182204232
01 78 0.006309705846061259
3_6_14_48 11 0.002937672240865672
3_6_14_48 22_39_58 0.3555813190319481
3_6_14_48 24 0.10144716606874368
3_6_14_48 33 0.017115302133270716
3_6_14_48 35 0.18766617090350768
3_6_14_48 29_36_52_63 0.009229540392623112
3_6_14_48 65 0.0017179088287606389
3_6_14_48 71 -0.01566663120940694
3_6_14_48 77 0.0049215318051924325
3_6_14_48 67_79_83_85 0.018398080162294054
3_6_14_48 84 0.013648299442770068
3_6_14_48 87 0.00979590983153859
4_5_28_38_46 40 0.056497549811404625
4_5_28_38_46 53 0.1866539269582601
4_5_28_38_46 31_55_62 -0.009683682405830944
4_5_28_38_46 61 0.2829438952539415
4_5_28_38_46 64 0.28315909089427316
4_5_28_38_46 69_73 -0.04521881317573602
4_5_28_38_46 71 -0.060208763695412074
07 9_45_59 0.0539708104519785
07 11 0.19772534186325422
07 16_25_49 0.21856531412685534
07 32 0.28732431540542325
07 35 0.002451269128402413
07 37 0.04070577110094774
07 47 0.040418038441900284
07 31_55_62 0.004449912186906711
07 89 -0.031799186801306834
8_44 10_27 0.11736585774943895
8_44 20 0.03573173377395643
8_44 21_26_51_60 0.24422516621829432
8_44 33 0.06295428089206068
8_44 35 0.07153228973349951
8_44 40 0.04638563783783048
8_44 47 0.02517393467903994
8_44 56 0.06513294071241545
8_44 66_68_86 0.10342356707425532
8_44 70 0.0019836714124591565
8_44 75_88 0.021695984220133732
8_44 77 0.036264947267253524
8_44 67_79_83_85 0.06592772002068935
8_44 90 0.012531812149529434
9_45_59 10_27 0.008514595386142888
9_45_59 11 0.004181400453146843
9_45_59 2_12_19 0.05563735915646652
9_45_59 16_25_49 0.036374616984416644
9_45_59 24 0.006753282084018679
9_45_59 32 0.27697488086369065
9_45_59 41 0.014443273879879268
9_45_59 47 0.03278050609594742
9_45_59 31_55_62 0.351683562752908
9_45_59 78 0.009726370175450255
10_27 18 0.1674603584242199
10_27 20 0.005969233949409706
10_27 24 0.12093161137090713
10_27 35 0.012269067074597722
10_27 37 0.08173839294025592
10_27 41 0.13222388915724476
10_27 42 0.03359675672609451
10_27 47 0.010172176082009696
10_27 50 0.09859125356709803
10_27 56 0.0023314308083161595
10_27 65 0.011621099949192523
10_27 66_68_86 0.04993390820027643
10_27 84 0.11988432242573988
10_27 90 0.0019245783248260406
11 16_25_49 0.08052438111026372
11 32 0.029672007783994737
11 29_36_52_63 0.050371720257410366
11 40 0.012246982969605903
11 47 0.12650333642390138
11 53 0.08672837428482003
11 61 0.01677886279237472
11 64 0.1144146594001279
11 66_68_86 0.059856357545178776
11 78 0.048925719216443855
11 87 0.057084352598171614
2_12_19 20 0.00723507236960071
2_12_19 32 0.16492897883546895
2_12_19 37 0.06524176528851808
2_12_19 41 0.05953603684875956
2_12_19 42 0.05758847559356457
2_12_19 47 0.09633811481032503
2_12_19 53 0.0019743457578844377
2_12_19 31_55_62 0.25976027360069953
2_12_19 78 0.022678238141486198
13_43 22_39_58 -0.01637016090052056
13_43 29_36_52_63 0.24795279659290376
13_43 42 -0.039336913082501215
13_43 61 0.023522999266148117
13_43 75_88 0.019760503738511473
13_43 82 0.006944288930771226
13_43 89 0.12732438608254104
15_34_57 17 0.038491693551780476
15_34_57 21_26_51_60 0.06722808689997
15_34_57 23 0.35725227149284056
15_34_57 30 0.013630230827396467
15_34_57 54 0.07865622242053696
15_34_57 69_73 0.061095728617259495
15_34_57 76 0.06467296510871501
15_34_57 89 0.02366209353525637
16_25_49 32 0.2690929633288066
16_25_49 53 0.08090896921008696
16_25_49 66_68_86 0.02255992712727766
16_25_49 78 0.05881372657352388
17 18 0.006600914677975018
17 20 0.01302719470175152
17 23 0.05118022098527013
17 30 0.11256428045696934
17 50 0.05042463798529833
17 54 0.1192242724870568
17 65 0.14530617704108603
17 76 0.14387416576807283
17 80 0.038686511933716056
17 89 0.11489692980108757
18 24 0.12759250016727752
18 30 0.03932605464499186
18 33 0.03462437442896148
18 50 0.0005704362761790413
18 54 0.023106363649258287
18 56 0.23340972790629994
18 65 0.048389435482985806
18 74 0.09161538543701567
18 80 0.003064964786954126
18 84 0.1069619758262453
18 87 0.0025898797662580004
18 89 0.12366024313921753
18 90 0.06438607772730628
20 37 0.1177282208110996
20 42 0.12776411828646028
20 56 0.014240463199064822
20 61 0.0077815895184587935
20 76 0.04274322617673622
20 80 0.07988841971177207
20 84 0.07365564844690516
20 91 0.0644032473523373
21_26_51_60 23 0.02545390336455986
21_26_51_60 33 0.26412403375671795
21_26_51_60 35 0.03574136511209165
21_26_51_60 40 0.10939879360933952
21_26_51_60 54 0.01247349744807393
21_26_51_60 56 0.0809132997077314
21_26_51_60 70 0.0006218763371227274
21_26_51_60 77 0.15667876641178857
21_26_51_60 82 0.03629520422325501
21_26_51_60 67_79_83_85 0.02721365662828241
21_26_51_60 91 0.06590080753949307
22_39_58 23 0.06032129661294297
22_39_58 47 -0.005527729646363869
22_39_58 53 -0.012714909208870454
22_39_58 54 -0.03332447344502751
22_39_58 66_68_86 -0.03196933994448593
22_39_58 72_81 -0.009386630310406777
23 30 0.09775871648516114
23 42 0.02195650345299792
23 50 0.029151829294606725
23 54 0.010963096714681982
23 69_73 0.2564070127139924
23 76 0.015189799530778876
23 67_79_83_85 0.003974187037514638
23 87 0.0225029089231289
24 32 0.0012877773999122456
24 35 0.080982997274933
24 41 0.09462953718302072
24 42 0.0011197025177661435
24 50 0.05541146604248448
24 70 0.01587070593609037
24 77 0.01922633402564595
24 78 0.028162748164855693
24 80 0.02415850650999003
24 84 0.03928262140890525
24 89 0.06526432897151949
24 91 0.07715126205807497
30 33 -0.013007917326526399
30 50 0.030715579682937963
30 54 0.1591205000127104
30 65 0.03842067301687775
30 69_73 0.10426594135415654
30 71 0.0345698229746685
30 87 0.0327306615248877
30 89 0.15050828628707977
30 91 0.03432355529391187
32 37 0.0027486143628409495
32 41 0.02091157811775504
32 47 0.04317019827478259
32 53 0.043067426875018265
32 78 0.08657615166582924
32 90 0.008913754161782538
33 35 0.03968690328443303
33 40 0.09014829432695756
33 56 0.1280163859602172
33 66_68_86 0.0391556208033573
33 77 0.016298163379506354
33 67_79_83_85 0.06931358077759639
33 84 0.006516613078938428
33 91 0.02370193068692515
35 29_36_52_63 0.07478993292429319
35 42 0.013048176665769925
35 56 0.03523613713061358
35 65 0.0025714654688168
35 66_68_86 0.026186809661789098
35 72_81 0.014281992411919665
35 74 0.04565997545535981
35 80 0.007088337805089591
35 84 0.013751075298348289
29_36_52_63 65 0.015729030625010285
29_36_52_63 66_68_86 0.10998540236806521
29_36_52_63 82 0.23274145061565252
29_36_52_63 84 0.020535152468755875
37 41 0.23053398077206622
37 42 0.08532129997634397
37 47 0.010297118431998114
37 50 0.10504210549648182
37 31_55_62 0.07414742677996092
37 61 -0.00356490968182671
37 69_73 0.04762120874705644
37 71 0.023002614117388208
37 76 0.022144765980059697
37 84 0.013775412357226633
37 91 0.09870662717812576
40 47 0.09825474684836119
40 61 0.0175565896377228
40 64 0.0863578998256032
40 77 0.05180127320902376
40 82 0.006575689581993253
41 42 0.062311424710810526
41 47 0.05534963421776949
41 50 0.2126616718274661
41 53 0.013833079321395268
41 54 0.0038790656989791446
41 56 0.07517315771614871
41 78 0.01644828571023781
41 67_79_83_85 0.039224864974282146
41 84 0.0366181522578132
41 91 0.042556855849773256
42 47 0.022856712735852
42 50 0.11696471788923166
42 80 0.04878103664468629
42 89 0.011044384946092839
42 90 0.003894240665611991
42 91 0.046470369010385766
47 53 0.07929111025097293
47 54 0.017892537573072548
47 65 0.007426849222256667
47 74 0.018266535363812196
47 78 0.0067180151079629
47 82 0.011789111142934848
47 84 0.006889440614300241
50 69_73 0.026189157627910506
50 71 0.012377049157371384
50 78 0.07126037176786253
50 80 0.01824054087757987
50 89 0.08442813885826186
50 91 0.12300444451684447
53 54 0.016456393992311975
53 61 0.13241793282776365
53 64 0.15406265097540983
53 65 0.03539104855943262
53 66_68_86 0.010256284789625453
53 78 0.026660361627745932
53 90 0.006045034565411391
54 56 0.08516779322565107
54 61 0.14485963495942944
54 65 0.06742597622721486
54 66_68_86 0.01857190441278448
54 74 0.10432447517986676
54 82 0.027169273077748732
54 87 0.17293186197430147
31_55_62 76 0.007637294096429875
31_55_62 89 0.002677816813364157
31_55_62 91 0.01842017759569761
56 66_68_86 0.005900460244603953
56 80 0.0025069837925006935
56 84 0.051654784437497686
56 87 0.08858036622274029
56 90 0.019310648493518955
56 91 0.07258494196067186
61 64 0.09491210419591406
61 66_68_86 0.03650981072958838
61 72_81 0.01737471663208916
61 76 0.02209585874606089
61 82 0.010283806963381506
61 67_79_83_85 0.005451914102413171
64 65 0.014039684586680808
64 66_68_86 0.15187299178203567
64 71 -0.033178275291179435
65 66_68_86 0.021802026098739467
65 70 0.06483289688214477
65 74 0.14016228540397618
65 80 0.12237009674638327
65 67_79_83_85 0.0371825021366999
65 84 0.04898996050646079
65 90 0.012293306257047866
66_68_86 71 -0.0074201935238261095
66_68_86 74 0.027484256655995763
66_68_86 75_88 0.06681715334595953
66_68_86 78 0.1357535819033372
66_68_86 82 0.03191082634539426
66_68_86 67_79_83_85 0.028069430002930267
66_68_86 84 0.07681575069866459
66_68_86 90 0.018225862457372184
69_73 71 0.09866831859386863
69_73 76 0.03482748597999649
69_73 87 0.19230578074824606
70 71 -0.17331655588740344
70 72_81 0.05656329141173457
70 74 0.050599475527523335
70 77 0.03510782505554576
70 80 0.009318659155559163
70 67_79_83_85 0.23817228375890204
71 72_81 -0.02905036579180325
71 74 -0.039408942215621925
71 77 -0.005263300233052378
72_81 74 0.05448620919098714
72_81 90 0.06960047739269805
74 75_88 0.023928293694799322
74 87 0.01753802277081805
75_88 77 0.021047042278565124
75_88 78 0.16836157244548497
75_88 82 0.12701819895309802
75_88 67_79_83_85 0.03840081826359263
75_88 87 0.0051753511792723625
75_88 90 0.08271214451489256
76 80 0.07657782728479161
76 67_79_83_85 0.011342708961790161
76 84 0.07447767797367089
76 91 0.015856525447381246
77 67_79_83_85 0.08331841002288065
77 84 0.0653762814269224
77 87 0.07020386663232195
77 90 0.04241682727452803
78 91 0.001815815307746635
80 67_79_83_85 0.040282621534482636
80 84 0.031703225063545865
80 89 0.12599134345204094
80 91 0.05807109373891825
82 90 0.028093661768787755
67_79_83_85 84 0.18480198059609754
67_79_83_85 87 0.042402411264943624
67_79_83_85 90 0.03327825510743501
84 87 0.04245354111117585
89 91 0.06013304606878138
