01 11 0.17393994189820358
01 16_49 0.07052454654882478
01 19 0.03641886554006318
01 20 0.07217121932983922
01 29 0.019365582774659253
01 47 0.09022266257754354
2_12 10 0.0076254051972830545
2_12 16_49 0.10478239727396937
2_12 19 0.14734505324082103
2_12 27 0.0193213865476616
2_12 7_25_32 0.17898215612849439
2_12 37 0.03219455446670677
2_12 41 0.018141552904921678
2_12 42 0.002017160761085127
2_12 9_45_59_62 0.07411946945955039
2_12 31_55 0.10534511847193537
2_12 87 0.00267044843956185
3_6_14_48 10 0.004820574748016686
3_6_14_48 22_39_58 0.36988638034974464
3_6_14_48 24 0.018521523727528334
3_6_14_48 33 0.004556072567124141
3_6_14_48 35 0.1718637603758052
4_5_38_46 28 0.3929075377766754
4_5_38_46 35 0.021655997038002955
4_5_38_46 53 0.06277886286447965
4_5_38_46 61 0.27557823177372365
4_5_38_46 64 0.16945320246861517
8_44 10 0.08739313543161789
8_44 21_26_51 0.12523083735316037
8_44 33 0.07878718762484566
8_44 34 0.02472121385572955
8_44 36_52_63 0.005860370292590253
8_44 40 0.024225282742613166
8_44 56 0.011242594667138511
8_44 60 0.07159938621565973
8_44 64 0.053863168928809095
8_44 65 0.032650369020295875
8_44 66 0.03310245110772722
8_44 67 0.07507700789394611
8_44 70 0.01490980166334396
8_44 74_75 0.018865328630610263
8_44 77 0.03289645640678318
8_44 79_83_85 0.00024649787678634734
8_44 84 0.01828030158603027
8_44 90 0.10759431320842724
10 18 0.04955578754512227
10 20 0.09543538059394033
10 27 0.24765629048195423
10 35 0.018080925189878864
10 36_52_63 0.01292404926164305
10 41 0.10046344946107537
10 50 0.12247941149694765
10 53 0.0011075116235309095
10 31_55 0.008012125253813866
10 56 0.013105674202595882
10 66 0.022342443087169574
10 67 0.024401938623445085
10 84 0.05596247773470446
10 87 0.01935823639014734
10 89 0.09145660944478476
10 90 0.05800140464305803
11 16_49 0.061370383652594576
11 19 0.0785167424640235
11 28 0.05346568407498685
11 29 0.11477010876742472
11 7_25_32 0.08006020389191978
11 35 -0.033802139333904815
11 36_52_63 0.044018681904198706
11 40 0.013759098589366414
11 9_45_59_62 0.024748729490803832
11 64 0.032993111688528226
11 68_86 0.04603060566426873
11 78 0.03747085072199234
13_43 29 0.25030101148574446
13_43 36_52_63 0.22625561707081748
13_43 53 0.006367015325445888
13_43 88 0.04288699052061546
13_43 89 0.0229720511031766
15_57 17 0.09388429431695158
15_57 30 0.018490610559293914
15_57 34 0.2552351798899092
15_57 67 -0.0421453171132402
15_57 23_69_73 0.1367676345660093
15_57 76 0.11949895245335931
15_57 87 0.0037914402455072257
16_49 27 0.05221706429536755
16_49 7_25_32 0.3346173079462259
16_49 9_45_59_62 0.06960522923944634
16_49 47 0.09098894309740556
16_49 53 0.05614817677556792
16_49 31_55 0.004386213599659336
16_49 78 0.008053523347531937
17 30 0.14747691642369443
17 34 0.018033609059159565
17 54 0.12555407291253734
17 56 0.025988001428961273
17 65 0.14333310289184417
17 23_69_73 0.03462407114258564
17 76 0.08864102228480711
17 89 0.0735503532382758
17 90 0.034850224337224775
18 21_26_51 0.006089890145771144
18 24 0.04340481398908747
18 27 0.18470018252627535
18 30 0.007573192382711148
18 33 0.05931414165687105
18 34 0.06503882119867067
18 35 0.06627338468044094
18 54 0.02383145079801305
18 56 0.15476594565788515
18 65 0.09535856253755073
18 67 0.036227442408048496
18 76 0.014153090105807337
18 84 0.06864724389951524
18 89 0.03923726632710503
18 91 0.03962816508824779
19 20 0.05327959870388885
19 24 0.08958677692492575
19 7_25_32 0.06695553220940899
19 37 0.11218755248446752
19 41 0.05390975841444422
19 9_45_59_62 0.06660559568154703
19 31_55 0.11566425742786199
20 21_26_51 0.0053891036632539545
20 30 0.044869742727483786
20 35 0.03968243139041878
20 37 0.07583520680156097
20 40 0.015376438685443163
20 42 0.17733269630638887
20 53 0.02398166549610152
20 66 0.04345479497401682
20 67 0.028581362496890056
20 84 0.07389410926721604
20 91 0.02248326676932929
21_26_51 33 0.01703506751153354
21_26_51 34 0.18270673942484417
21_26_51 35 0.019128322802988637
21_26_51 40 0.016544079098126857
21_26_51 56 0.011601588796531025
21_26_51 60 0.33904048672909787
21_26_51 77 0.01841016798486335
21_26_51 82 0.038115681884295566
21_26_51 84 0.007421652892923521
21_26_51 91 0.05050664473195409
22_39_58 24 0.11250387667240785
22_39_58 29 -0.04305098385977593
22_39_58 37 0.025174076014347818
22_39_58 61 -0.010737818395098693
22_39_58 23_69_73 0.01053515401017837
22_39_58 82 -0.02593482667232633
24 27 0.04705967898882098
24 37 0.0027352067206636134
24 41 0.18567684648660365
24 47 0.013848954283255069
24 50 0.07832426231685582
24 53 0.03359402934064364
24 56 0.04891093742921379
24 65 0.002971380940244598
24 67 0.03891543156687501
24 80 0.012683406369471188
24 84 0.002601664023602385
27 28 0.0049408039470293305
27 29 0.023086287547043942
27 37 0.04703951249630735
27 41 0.13622045582505013
27 9_45_59_62 0.031197644321583638
27 50 0.026464669270975655
27 31_55 0.0013728866218727497
27 87 0.01225181344257979
27 88 0.029777758843696905
27 90 0.0006055455298535354
28 40 0.01632287243096911
28 47 -0.03156239036940296
28 61 0.08312812426875799
28 64 0.1918587809555481
29 36_52_63 0.22962224129992526
29 47 0.02334895966930546
29 54 0.010426911106425511
30 54 0.06960918252860537
30 23_69_73 0.12791022480013478
30 76 0.04195956826035871
30 87 0.1460884927422824
30 89 0.05534876991843933
30 91 0.007820672179426119
7_25_32 33 0.05127614709384293
7_25_32 41 0.00795208456005968
7_25_32 9_45_59_62 0.17418211330730476
7_25_32 47 0.058234999383674026
7_25_32 68_86 0.005193453888320978
7_25_32 78 0.03143606401426209
33 34 0.10970159482823225
33 40 0.012008683615460765
33 41 0.0631043283118766
33 54 0.01938575907152812
33 56 0.015094001549144516
33 60 0.19034118239724512
33 66 0.011989607930004573
33 68_86 0.006989345175043982
33 79_83_85 2.795826112096935e-06
33 84 0.011130616153285209
33 91 0.11926494900072815
34 35 0.04151247150786003
34 36_52_63 0.031912563884464305
34 54 0.10877316876452006
34 23_69_73 0.07102577658256969
34 87 0.008924173531179013
34 89 0.006754117891307932
35 42 0.050785405807576
35 56 0.002795531749120784
35 60 0.0008747763806476281
35 67 0.06414771881671844
35 70 0.08444497627004593
35 71 -0.0009637343387277513
35 80 0.0033235902883883123
35 84 0.054666156003960506
35 87 0.011500548731510893
36_52_63 54 0.011712739608705036
36_52_63 66 0.013557689718991944
36_52_63 68_86 0.02170291119336218
36_52_63 82 0.16529649972995653
37 41 0.18363172969270156
37 42 0.11479378331912665
37 50 0.17364481729529774
37 66 0.04582936642370983
37 67 0.009871857174709824
37 91 0.07124281202179232
40 47 0.03745286018575028
40 53 0.012322136939725024
40 60 0.09013513483882163
40 61 0.017521960737790238
40 64 0.12454070022677036
40 68_86 0.030054387541384966
40 77 0.04705634105631928
40 82 0.026827029933843685
41 42 0.049221029248326845
41 9_45_59_62 0.015383183538493207
41 50 0.07756306725613754
41 56 0.04990917541403177
41 78 0.01477231241301814
41 91 0.043862715199416535
42 31_55 0.01590512890184552
42 23_69_73 0.01843069219107582
42 89 0.04883021159661648
42 91 0.0019042862802079881
9_45_59_62 31_55 0.42869620148098697
9_45_59_62 60 0.011049471092509236
9_45_59_62 78 0.03412410971157561
47 53 0.1491023358450408
47 76 0.004760293029293179
47 78 0.049945742712435875
50 31_55 0.03208173925841261
50 56 0.01078565408552652
50 67 0.006911416780859547
50 23_69_73 0.05978327679422413
50 89 0.11130786077523988
50 90 0.015341946249438944
50 91 0.0905287001819276
53 61 0.0968246097453458
53 66 0.022438066939437604
53 71 -0.005542149579075998
53 78 0.058419966936946705
54 56 0.01707194482533462
54 65 0.07536342642737993
54 66 0.016324372253457384
54 74_75 0.11087416183337201
54 84 0.07072679456359662
54 87 0.05709773880988429
54 88 0.09454027221985953
54 89 0.04201422068989537
31_55 71 0.01569613982012901
31_55 23_69_73 0.06121102965010718
56 60 0.08435537549374028
56 66 0.08447694983260813
56 76 0.0037410583809094422
56 77 0.028954633154895895
56 84 0.15466260427124928
56 87 0.09543447293816869
60 64 0.02824805055362943
60 66 0.05456057033431706
60 70 0.051558194886399
60 74_75 0.04764988638902694
60 77 0.08877036600511631
60 88 0.007511796013200094
60 91 0.03462337711071606
61 64 0.13081031409085675
61 68_86 0.09241484118415377
61 71 -0.025541440511655866
61 80 -0.022963845132513358
61 87 0.0589238085361688
61 89 -0.01449200471202217
64 65 0.006529409259143108
64 66 0.012452591932485737
64 68_86 0.05199457529621808
64 77 0.04891539041136947
64 84 0.075620626714261
65 67 0.04426688831097859
65 70 0.049824129889286105
65 71 -0.12888997832945542
65 76 0.09206909857310114
65 79_83_85 0.03798860332940453
65 80 0.14630621632518603
65 84 0.02725523507830644
66 67 0.019492057022819014
66 68_86 0.12108038806330672
66 78 0.09805041796494539
66 84 0.10293836086437949
66 88 0.0047459045577531115
67 70 0.03058100708462213
67 71 -0.03732626879558542
67 72_81 0.035496001140098626
67 79_83_85 0.19118986794681464
67 80 0.0739568109671182
67 90 0.11119265293965469
68_86 74_75 0.035071152695465534
68_86 77 0.0049554154263980205
68_86 78 0.035468354868564665
68_86 80 -0.0050992526665187225
68_86 84 0.07063158126448851
70 71 -0.09124158063937621
70 74_75 0.012724771977854753
70 79_83_85 0.17142862864043246
71 72_81 -0.0901665588485441
71 23_69_73 0.11754581730292603
71 74_75 -0.014998120469251669
71 91 0.01696469754713724
72_81 79_83_85 0.01493275639968138
72_81 90 0.013860094888004958
23_69_73 87 0.17329782949589115
74_75 77 0.04881017610002433
74_75 78 0.03732187842750642
74_75 82 0.04454097706627933
74_75 88 0.08475258316377163
76 80 0.09882392954116204
76 91 0.03310969991943259
77 78 0.05295790792832166
77 79_83_85 0.0861264688762025
77 90 0.16981438493459822
78 82 0.04693716586758412
78 88 0.16238908129472263
78 90 0.020392720519668853
79_83_85 84 0.16995066478201376
79_83_85 87 0.030058427277326896
80 89 0.11747345005626966
80 91 0.046865622521036626
82 84 0.01571818945170793
82 88 0.09683792042553474
84 87 0.025561652612057492
88 89 0.05128610608553456
88 90 0.03624670156350817
90 91 0.003906953212592034
