01 4_5_28_38_46 -0.0060654130538238
01 11 0.1240742067706
01 16_25_49 0.135058530387363
01 20 0.0123743915512316
01 31 0.0183515249621903
01 7_32 0.0663055428604697
01 29_36_52_63 0.0036957423953518
01 37 0.0284489840960341
01 47 0.137372841529445
01 62 0.0074825985320631
3_6_14_18 11 0.0149669742738921
3_6_14_18 21_26_51_60 0.0029576959922199
3_6_14_18 22_39_58 0.401334199303551
3_6_14_18 24 0.0890867749975922
3_6_14_18 33 0.0392548765929113
3_6_14_18 35 0.195201781911534
3_6_14_18 71 -0.012963871633975
3_6_14_18 77 0.0190679497315285
3_6_14_18 84 0.0104169725621476
3_6_14_18 85 0.027108232509969
3_6_14_18 87 0.002788358211764
4_5_28_38_46 11 0.0276461155674546
4_5_28_38_46 40 0.0426006148867846
4_5_28_38_46 47 -0.0726954314703535
4_5_28_38_46 50 -0.0053635689138485
4_5_28_38_46 53 0.16847252095176
4_5_28_38_46 61 0.371604339015379
4_5_28_38_46 62 -0.0095154545502165
4_5_28_38_46 64 0.322437426556462
4_5_28_38_46 68_86 0.0108345676901834
4_5_28_38_46 71 -0.0503472431033736
4_5_28_38_46 23_69_73 -0.0108000356611846
4_5_28_38_46 75 -0.0095257582664727
4_5_28_38_46 82 -0.0358286611077888
8_44 9_45_55_59 0.0174639588182349
8_44 10_27 0.1210130215696
8_44 20 0.0018572378665257
8_44 21_26_51_60 0.197791978829859
8_44 7_32 0.0010579175227854
8_44 33 0.0832450968308132
8_44 34 0.0322609007940943
8_44 35 0.0472824465954356
8_44 29_36_52_63 0.0073664739701929
8_44 40 0.0245633485811745
8_44 47 0.0043377798238704
8_44 54 0.0123417007595894
8_44 56 0.0337404259477405
8_44 64 0.0250197320164478
8_44 65 0.0155362217385898
8_44 66 0.0555436307309317
8_44 67 0.108201979512223
8_44 68_86 0.0368365156256636
8_44 72_81 0.0158081888702628
8_44 75 0.0410328756787391
8_44 77 0.0542773001910762
8_44 85 0.0037893861796401
8_44 90 0.0527403186704469
9_45_55_59 10_27 0.0361707542523603
9_45_55_59 11 0.0492414580263985
9_45_55_59 2_12_19 0.149537379207738
9_45_55_59 16_25_49 0.0501410297021273
9_45_55_59 24 0.0058167635593023
9_45_55_59 31 0.154965512305656
9_45_55_59 7_32 0.250751169557975
9_45_55_59 41 0.0141573906755173
9_45_55_59 53 0.050728104871925
9_45_55_59 62 0.340142799863107
10_27 16_25_49 0.0169157406481733
10_27 18 0.176954314563719
10_27 20 0.0517999650020428
10_27 24 0.0958456360698786
10_27 31 0.0195469200355806
10_27 35 0.020694107145365
10_27 29_36_52_63 0.010486133880366
10_27 37 0.0403456165117762
10_27 41 0.170990173568133
10_27 42 0.0493143075912745
10_27 50 0.107607854228451
10_27 56 0.0074718089671275
10_27 66 0.0554632064159324
10_27 84 0.0922024644096126
10_27 90 0.0169902987757534
11 16_25_49 0.0939419871682317
11 7_32 0.0934742924106011
11 34 0.0026905849329036
11 29_36_52_63 0.0875188585603425
11 40 0.0273764007562863
11 47 0.130149303513788
11 53 0.0695476819737056
11 61 0.0156045480611237
11 64 0.134147834644541
11 68_86 0.0794978515606475
11 78 0.0647065336827579
2_12_19 16_25_49 0.03299327849617
2_12_19 20 0.0002591291270171
2_12_19 31 0.0328741331640422
2_12_19 7_32 0.164843279650793
2_12_19 37 0.0665211891407408
2_12_19 41 0.0820069689959764
2_12_19 42 0.0481932397046288
2_12_19 47 0.0536961907468975
2_12_19 53 0.0176163119159581
2_12_19 62 0.13712049437007
13_43 22_39_58 -0.0398992082717668
13_43 24 0.011910176448362
13_43 29_36_52_63 0.291928975093368
13_43 42 -0.025135298005114
13_43 54 0.0159721156660341
13_43 61 0.0081679480299397
13_43 23_69_73 -0.0089644767146042
13_43 75 0.0075593072441386
13_43 88 0.0298548420323113
13_43 89 0.107127660342416
15_57 17 0.093508208032157
15_57 30 0.0413277002860891
15_57 34 0.315297683043771
15_57 54 0.0282080489803072
15_57 67 -0.0995606646360501
15_57 23_69_73 0.203101542093405
15_57 76 0.0929892170199608
15_57 84 -0.0222145007326536
15_57 89 0.042376255652137
16_25_49 7_32 0.43606523663635
16_25_49 29_36_52_63 0.0112619783661056
16_25_49 47 0.0843537916552969
16_25_49 53 0.0365096918912879
16_25_49 68_86 0.0274466076831253
16_25_49 75 0.0091064988420035
16_25_49 78 0.042133635904661
17 18 0.0295286351739349
17 20 0.0281781932122571
17 30 0.175426231867995
17 50 0.0262969892732606
17 54 0.135122135853925
17 65 0.160744699614452
17 76 0.141509762822293
17 80 0.0191394619374719
17 89 0.0843405259986842
17 90 0.0218629247078903
18 24 0.0970254414296079
18 30 0.0436214842868661
18 33 0.0385604454805138
18 35 0.031499062824274
18 54 0.0549860161615867
18 56 0.210551590489159
18 65 0.0672102096649154
18 67 0.0462716563585201
18 74 0.0127730248410722
18 76 0.0039956841971863
18 80 0.0064578827007133
18 84 0.090574387715646
18 89 0.0984737842745134
18 90 0.028384457771692
18 91 0.0407388121615156
20 31 0.0111894711254643
20 35 0.0312316069586715
20 37 0.130637339189776
20 40 0.0109033763339926
20 42 0.173178593738023
20 56 0.0005897098571766
20 66 0.0127949618755667
20 67 0.0165975883205852
20 76 0.0214831440149212
20 80 0.0255982025622434
20 84 0.09158579953483
20 91 0.0580318550083095
21_26_51_60 33 0.193199938202021
21_26_51_60 34 0.219595330229073
21_26_51_60 35 0.0367220275068988
21_26_51_60 29_36_52_63 0.0011576980725617
21_26_51_60 40 0.122473132626167
21_26_51_60 56 0.0968355180860353
21_26_51_60 75 0.0028239477211087
21_26_51_60 77 0.14187160331634
21_26_51_60 82 0.0430013159100032
21_26_51_60 84 0.009259559590599
21_26_51_60 85 0.0264406644225356
21_26_51_60 91 0.0786098950437001
22_39_58 35 0.0098220704641164
22_39_58 54 -0.0313710792028489
22_39_58 61 -0.0215901394426617
22_39_58 66 -0.0075427444588686
22_39_58 68_86 -0.0069192890730927
22_39_58 23_69_73 0.0380757534919236
22_39_58 75 -0.0241821098204699
22_39_58 82 -0.0152384700179242
24 35 0.0217079051575251
24 37 0.003037087165891
24 41 0.158249475779044
24 50 0.0618602926569446
24 53 0.0268339350488443
24 56 0.0143644437363551
24 65 0.0174405752302478
24 67 0.049435560539002
24 77 0.0298488087258814
24 78 0.0450523208268638
24 80 0.0248409728439701
24 84 0.0295384776088705
24 89 0.0516019099920885
24 90 0.0038471961865683
24 91 0.0328058194717616
30 33 -0.041915454443297
30 50 0.0245506903175836
30 54 0.0970223589644383
30 23_69_73 0.174184512620175
30 87 0.0994040918817008
30 89 0.129182777563228
30 91 0.0396515638490995
31 37 0.0570940376716526
31 41 0.0017132596094234
31 50 0.0363504909583231
31 62 0.29045109652278
31 71 0.0534544412685146
31 23_69_73 0.0245142788335831
31 87 0.0054844989918485
7_32 47 0.0121069176177053
7_32 53 0.0308603968176911
7_32 64 0.0052462443320919
7_32 68_86 0.0329967044765723
7_32 78 0.0277281221612413
7_32 89 -0.003687883254744
33 34 0.128615097976815
33 35 0.027243481319907
33 40 0.0896258073470589
33 41 0.0316727886218387
33 47 0.0092858919424714
33 56 0.0800512821537809
33 66 0.0138087677315423
33 67 0.0146470774198549
33 68_86 0.0032640346543122
33 77 0.0304920726058461
33 84 0.0166558742911214
33 85 0.0467117160387563
33 91 0.0381519302801774
34 35 0.0207507960612014
34 29_36_52_63 0.0313417877535066
34 54 0.115090601101475
34 56 0.0055825578685874
34 66 0.00948627786674
34 23_69_73 0.0315502233000503
34 82 5.06325794766407e-07
34 87 0.015478815737163
35 29_36_52_63 0.0234353111821093
35 42 0.0428787529370317
35 56 0.0082158468856225
35 61 0.0217244336441236
35 65 0.0220371905999672
35 66 0.0324596508768456
35 67 0.0682026332501001
35 71 -0.0209557933189198
35 74 0.0119846524349986
35 80 0.0015968854583169
35 84 0.0305642312784644
35 87 0.0306423361549055
35 88 0.0159879645563426
29_36_52_63 54 0.0132303964166458
29_36_52_63 66 0.105392183852704
29_36_52_63 68_86 0.0224849799551996
29_36_52_63 82 0.216938236675875
29_36_52_63 84 0.010112178475893
29_36_52_63 88 0.0058786925532643
37 41 0.207992128841502
37 42 0.073814462459781
37 50 0.152603307385329
37 62 0.0479447878997423
37 23_69_73 0.0516187711010388
37 76 0.0074302072685424
37 85 0.0001321630222784
37 91 0.0805434307242476
40 47 0.0911210824307737
40 54 0.0017278781539764
40 61 0.0625725566932376
40 64 0.0861520503947661
40 77 0.0360011337669251
40 82 0.0093466162725872
40 85 0.0186307864289689
41 42 0.0596838129235043
41 47 0.0575842246063912
41 50 0.150120735888417
41 53 0.0154459645342733
41 56 0.0646080097693192
41 62 0.0033208303716649
41 66 0.0147186011363217
41 67 0.0202268492863677
41 78 0.0293620841314174
41 84 0.0177062705781248
41 91 0.0591222592392747
42 50 0.0742214600475671
42 66 0.0206784067585235
42 23_69_73 0.0256173297624851
42 76 0.0044610785604506
42 80 0.0292941993867115
42 89 0.0538732220425277
42 91 0.0786112292514454
47 53 0.115473424189847
47 54 0.0002236504077295
47 62 0.0124532803226452
47 64 -0.008989785159133
47 75 0.0228700000227444
47 78 0.0354609034002568
47 82 0.033925523942363
47 85 0.0021826880610081
50 56 0.0309894145560116
50 61 -0.0088441823290293
50 71 0.0350644144863235
50 23_69_73 0.0579589737955361
50 78 0.0141207337502725
50 80 0.0176339644648341
50 89 0.135846192829919
50 90 0.0272877507214983
50 91 0.0897009550920481
53 54 0.0305127325028045
53 61 0.0789593777802582
53 64 0.122348118385104
53 68_86 0.0393846502910225
53 71 -0.0599038592936585
53 72_81 0.0559684167815627
53 23_69_73 -0.0173011370631694
53 78 0.063209874226677
53 90 0.0135011696149462
54 56 0.073679085485217
54 61 0.0684726783214556
54 65 0.0875149811038559
54 66 0.0137814255355042
54 72_81 0.0116633016768375
54 74 0.124440022065647
54 75 0.0088299816528893
54 82 0.0022843073988302
54 87 0.130236589687001
54 88 0.0221205784502074
54 89 0.007701669209634
56 66 0.0930474989131934
56 74 0.0080748592546368
56 84 0.0884382069289949
56 85 0.0083160498461086
56 87 0.109356401478247
56 91 0.0303103665031155
61 64 0.165391425050862
61 68_86 0.0836841532893518
61 71 -0.017308112311551
61 76 0.0080227460864709
61 87 0.0266800996200941
62 78 0.0654274726265675
62 91 0.0150079923422665
64 65 0.0422057705468737
64 66 0.0315765691243377
64 68_86 0.104746860971457
64 71 -0.0420664640215952
64 85 0.0263988061962595
65 66 0.0461097853927009
65 67 0.0422937851635503
65 71 -0.0620699221321517
65 74 0.100183418284013
65 76 0.0282984304814403
65 70_79_83 0.057402890073141
65 80 0.143823239427447
65 84 0.0480228013149041
65 85 0.0034337493184392
66 67 0.0155682145114488
66 68_86 0.19802176839846
66 74 0.0087462807366103
66 75 0.0097049544794014
66 78 0.108012535601938
66 82 0.0351126271038248
66 84 0.066109605444026
66 88 0.034691353176608
67 72_81 0.0018014145500236
67 77 0.0385933655170369
67 70_79_83 0.181663986848116
67 80 0.0655887524891441
67 84 0.0252401571080638
67 85 0.129922391214214
67 90 0.137824913719147
68_86 74 0.0372222203377217
68_86 75 0.0264721715107265
68_86 78 0.0799943980737127
68_86 84 0.0205888880871856
68_86 85 0.0847955475847759
71 72_81 -0.122974600411458
71 23_69_73 0.147887416509065
71 74 -0.0754803165306283
71 75 -0.007882318343684
71 77 -0.0102336768767535
71 70_79_83 -0.0398107333175368
72_81 74 0.0382431792963586
72_81 70_79_83 0.0403973783562113
72_81 90 0.0520621919338529
23_69_73 76 0.0220998413095194
23_69_73 87 0.202422935082006
74 75 0.125228927555788
74 76 0.0072276023125307
74 77 0.0032659445143405
74 70_79_83 0.0528710979024373
75 77 0.0569981134519313
75 78 0.102059329775405
75 82 0.0969002192305687
75 88 0.179967100481012
76 80 0.118559078785226
76 84 0.0354080660674773
76 89 0.0035285555176351
76 91 0.0440450844323146
77 78 0.0135294622355258
77 70_79_83 0.0334496225626452
77 84 0.032451791087441
77 85 0.105099480976899
77 87 0.0368236994056925
77 88 0.005045914996377
77 90 0.0963529809689941
78 82 0.0241288529035535
78 88 0.179343074286116
70_79_83 80 0.006104892497377
70_79_83 84 0.0371271502531368
70_79_83 85 0.282021357394182
80 89 0.137897521005715
80 91 0.0733832658565732
82 84 0.0049310128902416
82 88 0.116802922424556
84 85 0.192149797329562
84 87 0.0766869748668459
84 91 0.0222574262476825
85 87 0.0376056606365875
85 91 0.0058805250754105
87 88 0.0246725280733865
88 90 0.161165367117161
89 91 0.0473096867812511
90 91 0.028596015939348
